0.096541,0.000000,0.046641,-0.000894,0.025187,0.018244,0.033913,0.004375,0.029773,-0.007789,0.005969,0.011087,0.019798,0.030590,0.023014,0.014289,0.011080,0.011717,0.038908,0.003097,0.032890,-0.024743,0.002205,-0.013515,0.003000,0.023632,-0.032529,-0.001830,0.023877,-0.019136,0.029617,-0.016080,0.026427,0.001568
0.000000,0.000000,0.000000,0.000000,0.000000,0.000000,0.000000,0.000000,0.000000,0.000000,0.000000,0.000000,0.000000,0.000000,0.000000,0.000000,0.000000,0.000000,0.000000,0.000000,0.000000,0.000000,0.000000,0.000000,0.000000,0.000000,0.000000,0.000000,0.000000,0.000000,0.000000,0.000000,0.000000,0.000000
0.046641,0.000000,0.247008,0.031408,0.122961,0.005893,0.107642,0.002253,0.118682,0.011506,0.090893,0.041743,0.067191,0.040414,0.064250,0.021452,0.067921,0.042405,0.088668,0.038848,0.045208,0.035505,0.075160,-0.003290,0.087530,-0.018473,0.019960,0.033670,0.098449,0.014594,0.069956,-0.002379,0.068309,0.000136
-0.000894,0.000000,0.031408,0.194310,0.000264,-0.038602,-0.011717,0.058452,-0.067477,0.044235,-0.047150,0.068800,-0.040866,0.051540,-0.072745,0.037502,-0.068321,-0.032242,-0.091581,0.038213,-0.075452,-0.008074,-0.038195,0.038122,-0.026641,-0.053044,-0.010659,0.000180,-0.010416,0.076538,-0.043337,-0.027758,-0.035422,0.007135
0.025187,0.000000,0.122961,0.000264,0.269486,0.009154,0.152482,-0.008043,0.118403,-0.008587,0.131397,0.011003,0.155497,0.032635,0.134986,0.020908,0.089041,0.007104,0.071919,0.011290,0.103127,0.043961,0.157392,0.026870,0.072884,-0.008502,0.037703,0.052610,0.076915,0.013447,0.118451,0.006837,0.103896,-0.024151
0.018244,0.000000,0.005893,-0.038602,0.009154,0.211741,-0.002315,0.065742,-0.028125,0.044483,-0.075463,0.037273,-0.087825,0.030745,-0.107793,0.033223,-0.089937,0.042930,-0.060020,-0.014612,-0.032215,-0.031529,-0.059863,-0.069448,-0.047199,0.009764,-0.041612,-0.017382,-0.007778,-0.036900,-0.026322,0.074761,0.004058,0.039858
0.033913,0.000000,0.107642,-0.011717,0.152482,-0.002315,0.242016,-0.038481,0.115055,-0.021456,0.114291,-0.004958,0.192883,0.020338,0.197362,-0.004840,0.115289,0.028290,0.114623,0.040523,0.175741,0.048569,0.110687,0.029206,0.081484,0.021916,0.024741,0.029558,0.085050,-0.003783,0.116568,-0.002100,0.140160,-0.017591
0.004375,0.000000,0.002253,0.058452,-0.008043,0.065742,-0.038481,0.270408,-0.088473,0.093858,-0.106509,0.110266,-0.114976,0.065204,-0.119398,0.099889,-0.157847,0.017726,-0.130250,0.020923,-0.117315,-0.057044,-0.084845,0.001930,-0.054045,-0.035124,-0.068119,0.020670,-0.041783,0.020729,-0.049463,0.040637,-0.054514,0.087697
0.029773,0.000000,0.118682,-0.067477,0.118403,-0.028125,0.115055,-0.088473,0.256383,-0.061638,0.191125,-0.041958,0.176822,-0.022266,0.204144,-0.007576,0.197982,0.050432,0.213263,0.017667,0.151831,0.062177,0.107524,0.043006,0.104287,0.027633,0.044947,0.040830,0.096035,-0.008214,0.091316,-0.017528,0.091124,-0.022637
-0.007789,0.000000,0.011506,0.044235,-0.008587,0.044483,-0.021456,0.093858,-0.061638,0.233445,-0.091723,0.105403,-0.121984,0.077314,-0.118085,0.073894,-0.116900,0.031338,-0.142517,-0.000355,-0.119108,-0.010104,-0.092769,0.025919,-0.071107,-0.010716,-0.062500,0.019111,-0.034258,-0.002102,-0.042920,-0.003875,-0.051349,0.022168
0.005969,0.000000,0.090893,-0.047150,0.131397,-0.075463,0.114291,-0.106509,0.191125,-0.091723,0.316623,-0.060602,0.216479,-0.060270,0.243656,-0.008166,0.259851,0.029890,0.207828,0.037372,0.177510,0.094702,0.190554,0.051204,0.118902,0.037672,0.084776,0.060998,0.128415,0.021293,0.094614,0.006903,0.099706,-0.040059
0.011087,0.000000,0.041743,0.068800,0.011003,0.037273,-0.004958,0.110266,-0.041958,0.105403,-0.060602,0.244147,-0.074217,0.103268,-0.074804,0.080532,-0.104304,0.019069,-0.115744,0.036737,-0.086552,-0.009944,-0.107472,0.045663,-0.066606,-0.019276,-0.058044,0.016634,-0.059186,0.034799,-0.058892,0.002604,-0.046720,0.015386
0.019798,0.000000,0.067191,-0.040866,0.155497,-0.087825,0.192883,-0.114976,0.176822,-0.121984,0.216479,-0.074217,0.386013,-0.028478,0.334370,-0.052168,0.259468,-0.004869,0.221660,0.070921,0.260371,0.092614,0.198830,0.055438,0.130864,0.062233,0.092906,0.050094,0.099324,0.029750,0.126035,-0.013264,0.153631,-0.018925
0.030590,0.000000,0.040414,0.051540,0.032635,0.030745,0.020338,0.065204,-0.022266,0.077314,-0.060270,0.103268,-0.028478,0.244201,-0.052997,0.042614,-0.090510,0.058156,-0.090031,0.096788,-0.085181,0.050966,-0.093997,0.049633,-0.059760,0.017706,-0.079882,0.018175,-0.061113,0.023983,-0.041722,-0.017180,-0.024783,0.022289
0.023014,0.000000,0.064250,-0.072745,0.134986,-0.107793,0.197362,-0.119398,0.204144,-0.118085,0.243656,-0.074804,0.334370,-0.052997,0.424970,-0.040812,0.281379,0.018436,0.273096,0.053131,0.294221,0.087009,0.231281,0.084333,0.172014,0.075732,0.114089,0.058783,0.133427,0.029764,0.165613,-0.004390,0.167015,-0.036563
0.014289,0.000000,0.021452,0.037502,0.020908,0.033223,-0.004840,0.099889,-0.007576,0.073894,-0.008166,0.080532,-0.052168,0.042614,-0.040812,0.209505,-0.055578,0.063868,-0.073550,0.078141,-0.076241,0.045636,-0.056499,0.040098,-0.070160,0.041809,-0.073920,0.055162,-0.042020,0.033910,-0.047952,0.023802,-0.042978,0.051739
0.011080,0.000000,0.067921,-0.068321,0.089041,-0.089937,0.115289,-0.157847,0.197982,-0.116900,0.259851,-0.104304,0.259468,-0.090510,0.281379,-0.055578,0.380861,-0.002415,0.264294,0.011392,0.247967,0.073622,0.214657,0.025825,0.197513,0.040595,0.135919,0.057117,0.143476,0.023354,0.126325,0.005028,0.115967,-0.018307
0.011717,0.000000,0.042405,-0.032242,0.007104,0.042930,0.028290,0.017726,0.050432,0.031338,0.029890,0.019069,-0.004869,0.058156,0.018436,0.063868,-0.002415,0.246069,0.006916,0.119163,-0.036325,0.091553,-0.059783,0.048173,-0.050332,0.104554,-0.051089,0.078976,-0.033675,0.017038,-0.044754,0.065373,-0.015295,0.012554
0.038908,0.000000,0.088668,-0.091581,0.071919,-0.060020,0.114623,-0.130250,0.213263,-0.142517,0.207828,-0.115744,0.221660,-0.090031,0.273096,-0.073550,0.264294,0.006916,0.391093,0.014003,0.251273,0.044344,0.209870,0.029074,0.198619,0.055100,0.136904,0.070645,0.170172,0.027148,0.149383,0.039998,0.145602,0.000426
0.003097,0.000000,0.038848,0.038213,0.011290,-0.014612,0.040523,0.020923,0.017667,-0.000355,0.037372,0.036737,0.070921,0.096788,0.053131,0.078141,0.011392,0.119163,0.014003,0.268672,-0.018508,0.144015,-0.037018,0.074263,-0.059964,0.104601,-0.044338,0.077503,-0.063507,0.104324,-0.090233,0.033328,-0.029167,0.045801
0.032890,0.000000,0.045208,-0.075452,0.103127,-0.032215,0.175741,-0.117315,0.151831,-0.119108,0.177510,-0.086552,0.260371,-0.085181,0.294221,-0.076241,0.247967,-0.036325,0.251273,-0.018508,0.370831,-0.008184,0.232027,-0.006738,0.194766,0.049544,0.125230,0.024554,0.167958,0.022114,0.177676,0.038076,0.195978,-0.000739
-0.024743,0.000000,0.035505,-0.008074,0.043961,-0.031529,0.048569,-0.057044,0.062177,-0.010104,0.094702,-0.009944,0.092614,0.050966,0.087009,0.045636,0.073622,0.091553,0.044344,0.144015,-0.008184,0.267731,0.050691,0.120387,-0.023526,0.104132,-0.008343,0.115693,-0.025772,0.084963,-0.022357,0.055120,-0.024417,0.032147
0.002205,0.000000,0.075160,-0.038195,0.157392,-0.059863,0.110687,-0.084845,0.107524,-0.092769,0.190554,-0.107472,0.198830,-0.093997,0.231281,-0.056499,0.214657,-0.059783,0.209870,-0.037018,0.232027,0.050691,0.363496,-0.008341,0.185823,0.015859,0.176888,0.068778,0.187377,0.050733,0.185439,0.049636,0.158412,0.013896
-0.013515,0.000000,-0.003290,0.038122,0.026870,-0.069448,0.029206,0.001930,0.043006,0.025919,0.051204,0.045663,0.055438,0.049633,0.084333,0.040098,0.025825,0.048173,0.029074,0.074263,-0.006738,0.120387,-0.008341,0.277417,-0.024372,0.094374,-0.009959,0.109047,-0.050866,0.097418,-0.038420,0.022768,-0.058167,0.023323
0.003000,0.000000,0.087530,-0.026641,0.072884,-0.047199,0.081484,-0.054045,0.104287,-0.071107,0.118902,-0.066606,0.130864,-0.059760,0.172014,-0.070160,0.197513,-0.050332,0.198619,-0.059964,0.194766,-0.023526,0.185823,-0.024372,0.333652,-0.022586,0.149924,0.055919,0.216214,0.003996,0.170131,0.039837,0.138886,0.030009
0.023632,0.000000,-0.018473,-0.053044,-0.008502,0.009764,0.021916,-0.035124,0.027633,-0.010716,0.037672,-0.019276,0.062233,0.017706,0.075732,0.041809,0.040595,0.104554,0.055100,0.104601,0.049544,0.104132,0.015859,0.094374,-0.022586,0.257830,-0.002961,0.120598,-0.033142,0.072395,-0.047147,0.088718,-0.022782,0.052630
-0.032529,0.000000,0.019960,-0.010659,0.037703,-0.041612,0.024741,-0.068119,0.044947,-0.062500,0.084776,-0.058044,0.092906,-0.079882,0.114089,-0.073920,0.135919,-0.051089,0.136904,-0.044338,0.125230,-0.008343,0.176888,-0.009959,0.149924,-0.002961,0.265708,0.016493,0.150902,0.042728,0.110723,0.042381,0.126264,0.020001
-0.001830,0.000000,0.033670,0.000180,0.052610,-0.017382,0.029558,0.020670,0.040830,0.019111,0.060998,0.016634,0.050094,0.018175,0.058783,0.055162,0.057117,0.078976,0.070645,0.077503,0.024554,0.115693,0.068778,0.109047,0.055919,0.120598,0.016493,0.301666,0.013266,0.107394,-0.002550,0.141063,-0.035782,0.096779
0.023877,0.000000,0.098449,-0.010416,0.076915,-0.007778,0.085050,-0.041783,0.096035,-0.034258,0.128415,-0.059186,0.099324,-0.061113,0.133427,-0.042020,0.143476,-0.033675,0.170172,-0.063507,0.167958,-0.025772,0.187377,-0.050866,0.216214,-0.033142,0.150902,0.013266,0.330699,-0.003209,0.181759,0.016515,0.173984,0.022189
-0.019136,0.000000,0.014594,0.076538,0.013447,-0.036900,-0.003783,0.020729,-0.008214,-0.002102,0.021293,0.034799,0.029750,0.023983,0.029764,0.033910,0.023354,0.017038,0.027148,0.104324,0.022114,0.084963,0.050733,0.097418,0.003996,0.072395,0.042728,0.107394,-0.003209,0.257302,-0.047354,0.077283,-0.047803,0.092819
0.029617,0.000000,0.069956,-0.043337,0.118451,-0.026322,0.116568,-0.049463,0.091316,-0.042920,0.094614,-0.058892,0.126035,-0.041722,0.165613,-0.047952,0.126325,-0.044754,0.149383,-0.090233,0.177676,-0.022357,0.185439,-0.038420,0.170131,-0.047147,0.110723,-0.002550,0.181759,-0.047354,0.325663,-0.008451,0.206228,-0.010029
-0.016080,0.000000,-0.002379,-0.027758,0.006837,0.074761,-0.002100,0.040637,-0.017528,-0.003875,0.006903,0.002604,-0.013264,-0.017180,-0.004390,0.023802,0.005028,0.065373,0.039998,0.033328,0.038076,0.055120,0.049636,0.022768,0.039837,0.088718,0.042381,0.141063,0.016515,0.077283,-0.008451,0.263007,-0.003479,0.123516
0.026427,0.000000,0.068309,-0.035422,0.103896,0.004058,0.140160,-0.054514,0.091124,-0.051349,0.099706,-0.046720,0.153631,-0.024783,0.167015,-0.042978,0.115967,-0.015295,0.145602,-0.029167,0.195978,-0.024417,0.158412,-0.058167,0.138886,-0.022782,0.126264,-0.035782,0.173984,-0.047803,0.206228,-0.003479,0.272399,-0.032180
0.001568,0.000000,0.000136,0.007135,-0.024151,0.039858,-0.017591,0.087697,-0.022637,0.022168,-0.040059,0.015386,-0.018925,0.022289,-0.036563,0.051739,-0.018307,0.012554,0.000426,0.045801,-0.000739,0.032147,0.013896,0.023323,0.030009,0.052630,0.020001,0.096779,0.022189,0.092819,-0.010029,0.123516,-0.032180,0.218715
