0.094953,0.000000,0.045665,-0.000694,0.024351,0.017915,0.033391,0.004473,0.028711,-0.007398,0.005181,0.011037,0.019073,0.030510,0.022425,0.014428,0.010590,0.011906,0.037477,0.003404,0.032248,-0.024455,0.001803,-0.013137,0.002739,0.023823,-0.032108,-0.001500,0.023206,-0.018582,0.029112,-0.015308,0.026011,0.001726
0.000000,0.000000,0.000000,0.000000,0.000000,0.000000,0.000000,0.000000,0.000000,0.000000,0.000000,0.000000,0.000000,0.000000,0.000000,0.000000,0.000000,0.000000,0.000000,0.000000,0.000000,0.000000,0.000000,0.000000,0.000000,0.000000,0.000000,0.000000,0.000000,0.000000,0.000000,0.000000,0.000000,0.000000
0.045665,0.000000,0.243217,0.031056,0.120855,0.006097,0.106107,0.002574,0.116569,0.011809,0.088899,0.041778,0.065678,0.040133,0.063096,0.021765,0.066737,0.042417,0.086687,0.038624,0.044883,0.034858,0.073671,-0.002882,0.086151,-0.017809,0.019638,0.033634,0.096941,0.014945,0.068818,-0.001614,0.067417,0.000366
-0.000694,0.000000,0.031056,0.191603,0.000417,-0.037591,-0.011764,0.057439,-0.066679,0.043867,-0.046915,0.067904,-0.040840,0.051288,-0.072696,0.037133,-0.067961,-0.031757,-0.090827,0.037027,-0.075004,-0.007863,-0.037879,0.037947,-0.026569,-0.051900,-0.010759,0.000747,-0.010036,0.075123,-0.042680,-0.027084,-0.034933,0.007333
0.024351,0.000000,0.120855,0.000417,0.265705,0.008944,0.150662,-0.007289,0.116434,-0.008154,0.128976,0.011115,0.153601,0.032515,0.133443,0.021279,0.087366,0.007399,0.070218,0.012043,0.101932,0.043607,0.155180,0.027190,0.071236,-0.007655,0.037371,0.052366,0.075279,0.014125,0.116829,0.007226,0.102875,-0.023525
0.017915,0.000000,0.006097,-0.037591,0.008944,0.208450,-0.002604,0.065703,-0.027497,0.044457,-0.074741,0.036933,-0.086798,0.030431,-0.106353,0.032281,-0.089809,0.042083,-0.058940,-0.014515,-0.031601,-0.032205,-0.059528,-0.068818,-0.047424,0.008377,-0.041685,-0.018352,-0.008471,-0.036464,-0.026387,0.072669,0.004227,0.038326
0.033391,0.000000,0.106107,-0.011764,0.150662,-0.002604,0.238060,-0.038442,0.113939,-0.021524,0.112778,-0.005414,0.190295,0.019896,0.193911,-0.005226,0.112943,0.027617,0.113239,0.039969,0.173128,0.048329,0.108929,0.029289,0.079474,0.021924,0.023446,0.029875,0.083204,-0.003192,0.114740,-0.001289,0.138090,-0.016374
0.004473,0.000000,0.002574,0.057439,-0.007289,0.065703,-0.038442,0.266640,-0.087812,0.092959,-0.105957,0.108550,-0.114744,0.064646,-0.120014,0.098249,-0.156727,0.017805,-0.129931,0.019149,-0.117318,-0.056039,-0.084386,0.001432,-0.053420,-0.034220,-0.067825,0.021074,-0.040957,0.020016,-0.048770,0.041175,-0.054385,0.087275
0.028711,0.000000,0.116569,-0.066679,0.116434,-0.027497,0.113939,-0.087812,0.252310,-0.060822,0.188153,-0.041206,0.174639,-0.022093,0.201472,-0.006717,0.195778,0.050270,0.209461,0.018557,0.149875,0.062592,0.105786,0.043422,0.103141,0.028849,0.045105,0.041113,0.094879,-0.007041,0.089559,-0.015880,0.089903,-0.021497
-0.007398,0.000000,0.011809,0.043867,-0.008154,0.044457,-0.021524,0.092959,-0.060822,0.230541,-0.091196,0.104174,-0.121077,0.076626,-0.117777,0.072779,-0.116271,0.030921,-0.141024,-0.000956,-0.118595,-0.010513,-0.092251,0.024838,-0.070426,-0.011166,-0.062305,0.018659,-0.034279,-0.002519,-0.042504,-0.004013,-0.051340,0.021950
0.005181,0.000000,0.088899,-0.046915,0.128976,-0.074741,0.112778,-0.105957,0.188153,-0.091196,0.311637,-0.060501,0.213983,-0.059891,0.240262,-0.007467,0.256790,0.030210,0.204395,0.037328,0.175013,0.094336,0.187489,0.051637,0.117452,0.039024,0.084221,0.061751,0.126100,0.022078,0.093405,0.008276,0.098137,-0.038592
0.011037,0.000000,0.041778,0.067904,0.011115,0.036933,-0.005414,0.108550,-0.041206,0.104174,-0.060501,0.240533,-0.074361,0.102123,-0.075118,0.079239,-0.104102,0.019688,-0.114743,0.035311,-0.086675,-0.010295,-0.106817,0.044387,-0.066383,-0.018976,-0.058098,0.016477,-0.059041,0.033643,-0.058304,0.002676,-0.046703,0.015173
0.019073,0.000000,0.065678,-0.040840,0.153601,-0.086798,0.190295,-0.114744,0.174639,-0.121077,0.213983,-0.074361,0.381826,-0.028303,0.330212,-0.051525,0.256826,-0.004442,0.218818,0.070413,0.257029,0.092694,0.196748,0.055384,0.129358,0.063068,0.092006,0.050796,0.098276,0.030002,0.124551,-0.011686,0.151679,-0.017499
0.030510,0.000000,0.040133,0.051288,0.032515,0.030431,0.019896,0.064646,-0.022093,0.076626,-0.059891,0.102123,-0.028303,0.240970,-0.052777,0.042100,-0.090154,0.057085,-0.089733,0.095341,-0.084486,0.049212,-0.093829,0.048225,-0.059883,0.017130,-0.079974,0.017040,-0.061321,0.023646,-0.042228,-0.017895,-0.024895,0.021307
0.022425,0.000000,0.063096,-0.072696,0.133443,-0.106353,0.193911,-0.120014,0.201472,-0.117777,0.240262,-0.075118,0.330212,-0.052777,0.418214,-0.040775,0.277884,0.018055,0.269082,0.052275,0.289555,0.087642,0.228177,0.084164,0.169809,0.077015,0.112608,0.059993,0.131600,0.030374,0.163404,-0.002049,0.164103,-0.033970
0.014428,0.000000,0.021765,0.037133,0.021279,0.032281,-0.005226,0.098249,-0.006717,0.072779,-0.007467,0.079239,-0.051525,0.042100,-0.040775,0.206051,-0.055339,0.062855,-0.072469,0.076395,-0.075821,0.044870,-0.056285,0.039138,-0.070244,0.040438,-0.073989,0.053887,-0.042233,0.032759,-0.047860,0.022780,-0.042952,0.050474
0.010590,0.000000,0.066737,-0.067961,0.087366,-0.089809,0.112943,-0.156727,0.195778,-0.116271,0.256790,-0.104102,0.256826,-0.090154,0.277884,-0.055339,0.375699,-0.002700,0.262117,0.012004,0.244803,0.073204,0.211885,0.026411,0.194249,0.041181,0.134560,0.056878,0.141005,0.024191,0.124390,0.005794,0.114448,-0.017133
0.011906,0.000000,0.042417,-0.031757,0.007399,0.042083,0.027617,0.017805,0.050270,0.030921,0.030210,0.019688,-0.004442,0.057085,0.018055,0.062855,-0.002700,0.242034,0.006498,0.117658,-0.036192,0.090154,-0.059807,0.047584,-0.050547,0.102322,-0.051405,0.077023,-0.033963,0.016528,-0.045344,0.063632,-0.015828,0.011746
0.037477,0.000000,0.086687,-0.090827,0.070218,-0.058940,0.113239,-0.129931,0.209461,-0.141024,0.204395,-0.114743,0.218818,-0.089733,0.269082,-0.072469,0.262117,0.006498,0.384556,0.013870,0.248140,0.044908,0.207150,0.029331,0.197265,0.056459,0.135927,0.071542,0.168379,0.027952,0.147089,0.041697,0.143135,0.002164
0.003404,0.000000,0.038624,0.037027,0.012043,-0.014515,0.039969,0.019149,0.018557,-0.000956,0.037328,0.035311,0.070413,0.095341,0.052275,0.076395,0.012004,0.117658,0.013870,0.263860,-0.018512,0.142244,-0.036838,0.073089,-0.059179,0.103471,-0.044735,0.076886,-0.063010,0.102169,-0.089237,0.032613,-0.029412,0.044680
0.032248,0.000000,0.044883,-0.075004,0.101932,-0.031601,0.173128,-0.117318,0.149875,-0.118595,0.175013,-0.086675,0.257029,-0.084486,0.289555,-0.075821,0.244803,-0.036192,0.248140,-0.018512,0.365630,-0.006948,0.229453,-0.006272,0.192888,0.050472,0.124045,0.025916,0.166319,0.022625,0.175866,0.039519,0.193175,0.001151
-0.024455,0.000000,0.034858,-0.007863,0.043607,-0.032205,0.048329,-0.056039,0.062592,-0.010513,0.094336,-0.010295,0.092694,0.049212,0.087642,0.044870,0.073204,0.090154,0.044908,0.142244,-0.006948,0.262922,0.050007,0.118337,-0.024061,0.101894,-0.009000,0.112914,-0.026894,0.083584,-0.022870,0.052630,-0.024144,0.029903
0.001803,0.000000,0.073671,-0.037879,0.155180,-0.059528,0.108929,-0.084386,0.105786,-0.092251,0.187489,-0.106817,0.196748,-0.093829,0.228177,-0.056285,0.211885,-0.059807,0.207150,-0.036838,0.229453,0.050007,0.359065,-0.007881,0.183391,0.016348,0.175261,0.068580,0.184653,0.051283,0.183037,0.049804,0.156352,0.014490
-0.013137,0.000000,-0.002882,0.037947,0.027190,-0.068818,0.029289,0.001432,0.043422,0.024838,0.051637,0.044387,0.055384,0.048225,0.084164,0.039138,0.026411,0.047584,0.029331,0.073089,-0.006272,0.118337,-0.007881,0.273351,-0.024100,0.092602,-0.010292,0.106932,-0.050726,0.095659,-0.038534,0.021576,-0.057952,0.022083
0.002739,0.000000,0.086151,-0.026569,0.071236,-0.047424,0.079474,-0.053420,0.103141,-0.070426,0.117452,-0.066383,0.129358,-0.059883,0.169809,-0.070244,0.194249,-0.050547,0.197265,-0.059179,0.192888,-0.024061,0.183391,-0.024100,0.328652,-0.022462,0.148151,0.054728,0.213250,0.004680,0.167618,0.039573,0.137434,0.030087
0.023823,0.000000,-0.017809,-0.051900,-0.007655,0.008377,0.021924,-0.034220,0.028849,-0.011166,0.039024,-0.018976,0.063068,0.017130,0.077015,0.040438,0.041181,0.102322,0.056459,0.103471,0.050472,0.101894,0.016348,0.092602,-0.022462,0.252558,-0.003461,0.117381,-0.033339,0.070898,-0.046953,0.085577,-0.022644,0.050161
-0.032108,0.000000,0.019638,-0.010759,0.037371,-0.041685,0.023446,-0.067825,0.045105,-0.062305,0.084221,-0.058098,0.092006,-0.079974,0.112608,-0.073989,0.134560,-0.051405,0.135927,-0.044735,0.124045,-0.009000,0.175261,-0.010292,0.148151,-0.003461,0.262608,0.016305,0.149055,0.042500,0.109301,0.041838,0.124594,0.020226
-0.001500,0.000000,0.033634,0.000747,0.052366,-0.018352,0.029875,0.021074,0.041113,0.018659,0.061751,0.016477,0.050796,0.017040,0.059993,0.053887,0.056878,0.077023,0.071542,0.076886,0.025916,0.112914,0.068580,0.106932,0.054728,0.117381,0.016305,0.295992,0.012463,0.105942,-0.003465,0.137417,-0.035103,0.093493
0.023206,0.000000,0.096941,-0.010036,0.075279,-0.008471,0.083204,-0.040957,0.094879,-0.034279,0.126100,-0.059041,0.098276,-0.061321,0.131600,-0.042233,0.141005,-0.033963,0.168379,-0.063010,0.166319,-0.026894,0.184653,-0.050726,0.213250,-0.033339,0.149055,0.012463,0.325745,-0.002526,0.179338,0.016007,0.171834,0.021972
-0.018582,0.000000,0.014945,0.075123,0.014125,-0.036464,-0.003192,0.020016,-0.007041,-0.002519,0.022078,0.033643,0.030002,0.023646,0.030374,0.032759,0.024191,0.016528,0.027952,0.102169,0.022625,0.083584,0.051283,0.095659,0.004680,0.070898,0.042500,0.105942,-0.002526,0.253210,-0.046373,0.075587,-0.047059,0.090992
0.029112,0.000000,0.068818,-0.042680,0.116829,-0.026387,0.114740,-0.048770,0.089559,-0.042504,0.093405,-0.058304,0.124551,-0.042228,0.163404,-0.047860,0.124390,-0.045344,0.147089,-0.089237,0.175866,-0.022870,0.183037,-0.038534,0.167618,-0.046953,0.109301,-0.003465,0.179338,-0.046373,0.321272,-0.008412,0.203937,-0.009759
-0.015308,0.000000,-0.001614,-0.027084,0.007226,0.072669,-0.001289,0.041175,-0.015880,-0.004013,0.008276,0.002676,-0.011686,-0.017895,-0.002049,0.022780,0.005794,0.063632,0.041697,0.032613,0.039519,0.052630,0.049804,0.021576,0.039573,0.085577,0.041838,0.137417,0.016007,0.075587,-0.008412,0.257268,-0.002910,0.119776
0.026011,0.000000,0.067417,-0.034933,0.102875,0.004227,0.138090,-0.054385,0.089903,-0.051340,0.098137,-0.046703,0.151679,-0.024895,0.164103,-0.042952,0.114448,-0.015828,0.143135,-0.029412,0.193175,-0.024144,0.156352,-0.057952,0.137434,-0.022644,0.124594,-0.035103,0.171834,-0.047059,0.203937,-0.002910,0.268652,-0.031011
0.001726,0.000000,0.000366,0.007333,-0.023525,0.038326,-0.016374,0.087275,-0.021497,0.021950,-0.038592,0.015173,-0.017499,0.021307,-0.033970,0.050474,-0.017133,0.011746,0.002164,0.044680,0.001151,0.029903,0.014490,0.022083,0.030087,0.050161,0.020226,0.093493,0.021972,0.090992,-0.009759,0.119776,-0.031011,0.213788
