0.0949532834179093,0,0.0456653856837783,-0.000693871425115682,0.024351165244929,0.0179153146604752,0.0333914191898725,0.00447303924865893,0.028710499340553,-0.00739790062805064,0.00518094830353774,0.0110366593407165,0.0190725492005963,0.0305101752702853,0.0224249604754348,0.0144277703126001,0.0105902705038424,0.0119055236167635,0.0374773600606425,0.00340377495297222,0.0322484706169359,-0.0244546916949375,0.00180313299749096,-0.013137189483842,0.00273868644055955,0.0238226911863897,-0.0321078433042275,-0.00149975780034545,0.0232060714004747,-0.0185823487411742,0.0291119572372645,-0.0153080903912099,0.0260112310319474,0.00172588694881413
0,0,0,0,0,0,0,0,0,0,0,0,0,0,0,0,0,0,0,0,0,0,0,0,0,0,0,0,0,0,0,0,0,0
0.0456653856837783,0,0.24321686573238,0.0310560993509877,0.120854836320424,0.00609707363433471,0.106106952678222,0.0025742546673831,0.116569147973289,0.0118094039601632,0.0888987695066932,0.0417779478485744,0.0656777621129365,0.0401334960098455,0.0630960565870873,0.0217645364065421,0.0667365519843126,0.042417459077468,0.0866873891194178,0.0386240205743285,0.0448828820418492,0.034857742743108,0.0736705844675071,-0.00288175926722949,0.0861513730804915,-0.0178087305250985,0.0196380352582878,0.0336335541852478,0.0969412617322158,0.0149452058402972,0.0688177033265443,-0.0016144467699654,0.06741692490315,0.000366006120190033
-0.000693871425115682,0,0.0310560993509877,0.191603097894145,0.000417372031733692,-0.037590818929597,-0.0117644211843153,0.0574393607335159,-0.0666792410517362,0.0438666999972857,-0.0469149344329754,0.0679035429282042,-0.0408400451036689,0.0512883745400456,-0.0726960764201793,0.0371329109725138,-0.0679611586606406,-0.031757153486359,-0.0908267077096316,0.0370269259720195,-0.0750043599155209,-0.0078634599443298,-0.0378794286424234,0.037947165077158,-0.0265689337033022,-0.0518995254035478,-0.0107589161212227,0.000747008634037479,-0.0100356960143449,0.0751230018137933,-0.0426797831007375,-0.0270838348852112,-0.0349326215449599,0.00733311896896528
0.024351165244929,0,0.120854836320424,0.000417372031733692,0.265705516654856,0.00894381557143774,0.150662314867896,-0.00728933255248157,0.116433959019302,-0.00815422932764383,0.128975975071209,0.0111148470827543,0.15360057555787,0.0325149056911739,0.133443255456958,0.0212785147554218,0.0873656698132144,0.00739884593918651,0.0702183696062562,0.012043441183839,0.101931727749736,0.043607072634586,0.155179691900145,0.0271896541974421,0.0712360293069628,-0.00765452464402439,0.0373706493209639,0.052365907233177,0.0752788827160387,0.0141251033923345,0.116829220859036,0.00722597056392471,0.102875379833137,-0.023525209213361
0.0179153146604752,0,0.00609707363433471,-0.037590818929597,0.00894381557143774,0.208449742173666,-0.00260436252617861,0.0657027908275432,-0.0274973198865927,0.0444567815935867,-0.0747412989500475,0.0369328858648444,-0.0867980038438616,0.0304306955754194,-0.106353186640332,0.0322809407536126,-0.0898087274397218,0.0420833901491429,-0.058939937916498,-0.0145151519172828,-0.0316010900195437,-0.0322052941424655,-0.0595283798300481,-0.06881815092795,-0.0474245021447741,0.00837678686687422,-0.0416847037320174,-0.018352482844369,-0.00847131875295837,-0.0364642965278577,-0.0263870878158095,0.0726685515989657,0.00422682235967599,0.03832601827965
0.0333914191898725,0,0.106106952678222,-0.0117644211843153,0.150662314867896,-0.00260436252617861,0.238059405367127,-0.0384421023934242,0.113938773869178,-0.0215236012647069,0.112778340955815,-0.00541412745980458,0.190295236334069,0.0198963591012471,0.193910484173515,-0.00522592131714604,0.112942491391937,0.027616617954859,0.113239178371111,0.0399691153749661,0.173127963835956,0.0483291970075237,0.108929283266062,0.0292886163685556,0.0794735716178122,0.0219237044873439,0.0234462076154449,0.0298750188400177,0.0832037228371804,-0.00319218903836618,0.114740151681477,-0.00128927579797217,0.138089861561507,-0.0163736202117744
0.00447303924865893,0,0.0025742546673831,0.0574393607335159,-0.00728933255248157,0.0657027908275432,-0.0384421023934242,0.266639467511457,-0.0878122654623275,0.0929586003003188,-0.105956669562637,0.108550228464372,-0.11474438022433,0.0646461749340369,-0.120014162722547,0.0982485377878628,-0.15672666027082,0.017804497025008,-0.12993117121164,0.0191486971268532,-0.117317569264793,-0.0560385575002835,-0.0843858179580667,0.00143155479326095,-0.0534203013518471,-0.0342202583137013,-0.0678246000034161,0.0210745023876242,-0.0409573647033642,0.0200161778555836,-0.0487704441707128,0.0411753417657122,-0.0543848120654035,0.0872748197492755
0.028710499340553,0,0.116569147973289,-0.0666792410517362,0.116433959019302,-0.0274973198865927,0.113938773869178,-0.0878122654623275,0.252309947113452,-0.0608224494068305,0.188152858656042,-0.0412058971338801,0.174638762086076,-0.0220934649538966,0.201472138232226,-0.00671668049508607,0.195777532726565,0.0502697210014532,0.209460764956967,0.0185566410966375,0.14987497730978,0.0625917775035863,0.105785840172073,0.0434216079643638,0.103141229680988,0.0288494491597151,0.045104579151321,0.0411127921730899,0.0948790415341662,-0.00704087192683926,0.0895586642283588,-0.0158795271220007,0.0899027315251511,-0.0214971113741576
-0.00739790062805064,0,0.0118094039601632,0.0438666999972857,-0.00815422932764383,0.0444567815935867,-0.0215236012647069,0.0929586003003188,-0.0608224494068305,0.230540824332871,-0.0911960824274181,0.104173597162832,-0.121076918187414,0.0766263354577522,-0.117777147643968,0.0727789924029768,-0.116271106706844,0.030921229750813,-0.141024049069015,-0.000956419544010222,-0.11859504882472,-0.0105126973832399,-0.0922507099793537,0.0248377626820946,-0.0704261754405041,-0.0111657328542028,-0.0623050661146591,0.0186586658397076,-0.0342794828266242,-0.0025192427711402,-0.0425042828418455,-0.00401303191716425,-0.0513397850234281,0.0219502597130565
0.00518094830353774,0,0.0888987695066932,-0.0469149344329754,0.128975975071209,-0.0747412989500475,0.112778340955815,-0.105956669562637,0.188152858656042,-0.0911960824274181,0.311637278231927,-0.060501071345842,0.213982938597101,-0.0598907426038182,0.240261865627698,-0.00746721771314424,0.256789711061936,0.0302103159438482,0.204395347567218,0.0373284522485558,0.175012743775158,0.0943360340483917,0.187489508494553,0.0516365301178328,0.117452409173044,0.0390240738308115,0.08422060869278,0.0617511969665771,0.126100166975406,0.0220783079052076,0.0934051942031189,0.0082760560976106,0.0981367273227296,-0.0385917979275097
0.0110366593407165,0,0.0417779478485744,0.0679035429282042,0.0111148470827543,0.0369328858648444,-0.00541412745980458,0.108550228464372,-0.0412058971338801,0.104173597162832,-0.060501071345842,0.240532627604209,-0.0743606452271937,0.102123428936841,-0.0751175323255712,0.0792387196245641,-0.104102003693023,0.0196883036483273,-0.114742775872164,0.035310847879662,-0.086674486875175,-0.010294770204483,-0.106817438987315,0.044387154055542,-0.0663832408989225,-0.018976053268586,-0.0580975562402663,0.0164769376258985,-0.0590408489186545,0.0336435104461628,-0.0583043243401393,0.00267559110573678,-0.0467028372551277,0.0151726295485593
0.0190725492005963,0,0.0656777621129365,-0.0408400451036689,0.15360057555787,-0.0867980038438616,0.190295236334069,-0.11474438022433,0.174638762086076,-0.121076918187414,0.213982938597101,-0.0743606452271937,0.381826191276141,-0.0283026605342262,0.330212085857321,-0.0515252504820176,0.256825835899034,-0.00444235591190156,0.218818003680252,0.0704131908456232,0.257028680352495,0.0926941198583219,0.196748142691082,0.055384039932981,0.12935785426166,0.063067643961333,0.0920063704587406,0.0507954927039973,0.0982762140926741,0.0300020009588579,0.124550979382793,-0.0116864965028139,0.151679367026263,-0.0174985152521735
0.0305101752702853,0,0.0401334960098455,0.0512883745400456,0.0325149056911739,0.0304306955754194,0.0198963591012471,0.0646461749340369,-0.0220934649538966,0.0766263354577522,-0.0598907426038182,0.102123428936841,-0.0283026605342262,0.24096984487263,-0.0527765495028545,0.0421001656891724,-0.0901540032600657,0.0570847524168255,-0.0897335244574022,0.0953407723653744,-0.0844860127378339,0.0492122027804409,-0.0938284891902892,0.048225107396811,-0.0598827817172505,0.0171297369833975,-0.079974124437243,0.0170402615324668,-0.0613213365294909,0.0236463982519312,-0.0422283420321574,-0.0178947034896548,-0.0248953669355347,0.0213071260843125
0.0224249604754348,0,0.0630960565870873,-0.0726960764201793,0.133443255456958,-0.106353186640332,0.193910484173515,-0.120014162722547,0.201472138232226,-0.117777147643968,0.240261865627698,-0.0751175323255712,0.330212085857321,-0.0527765495028545,0.418213451244827,-0.0407748547087119,0.277883477045243,0.0180552409139168,0.269081555777373,0.0522750468542453,0.289555197025946,0.0876415522650436,0.228176565151996,0.0841641429450445,0.169809225397241,0.0770149162587468,0.112608333852005,0.0599932534072918,0.131600034601141,0.0303738510974922,0.163404284369015,-0.00204890321214874,0.164103367904696,-0.0339700650624194
0.0144277703126001,0,0.0217645364065421,0.0371329109725138,0.0212785147554218,0.0322809407536126,-0.00522592131714604,0.0982485377878628,-0.00671668049508607,0.0727789924029768,-0.00746721771314424,0.0792387196245641,-0.0515252504820176,0.0421001656891724,-0.0407748547087119,0.206050538783816,-0.0553393344401755,0.0628545095592146,-0.0724689872106809,0.0763944981453899,-0.0758214623438394,0.0448699478884218,-0.05628473924383,0.0391378971783527,-0.070243780394654,0.0404383056308445,-0.0739887621251259,0.053886604662139,-0.0422332834756807,0.0327589574948683,-0.0478603548455009,0.0227795856446626,-0.0429523979959121,0.0504740689432292
0.0105902705038424,0,0.0667365519843126,-0.0679611586606406,0.0873656698132144,-0.0898087274397218,0.112942491391937,-0.15672666027082,0.195777532726565,-0.116271106706844,0.256789711061936,-0.104102003693023,0.256825835899034,-0.0901540032600657,0.277883477045243,-0.0553393344401755,0.375698722853235,-0.00270021598694217,0.262116608511526,0.0120040653687299,0.244802594048295,0.0732040591163726,0.211885063967753,0.0264110429005236,0.194248847490715,0.0411810175350837,0.13455986066512,0.0568783907573845,0.141004959823015,0.0241907364984493,0.124389556687856,0.00579424777580478,0.114448384491626,-0.0171328596247767
0.0119055236167635,0,0.042417459077468,-0.031757153486359,0.00739884593918651,0.0420833901491429,0.027616617954859,0.017804497025008,0.0502697210014532,0.030921229750813,0.0302103159438482,0.0196883036483273,-0.00444235591190156,0.0570847524168255,0.0180552409139168,0.0628545095592146,-0.00270021598694217,0.242033684116539,0.00649748560022608,0.117658343161665,-0.0361918066661765,0.0901537430555897,-0.0598074491548032,0.0475835913902596,-0.0505468128700665,0.102321892345658,-0.0514054625130026,0.0770229974742604,-0.0339634925723622,0.0165280811304292,-0.0453441696076304,0.0636322682572192,-0.0158280265543799,0.0117454996746157
0.0374773600606425,0,0.0866873891194178,-0.0908267077096316,0.0702183696062562,-0.058939937916498,0.113239178371111,-0.12993117121164,0.209460764956967,-0.141024049069015,0.204395347567218,-0.114742775872164,0.218818003680252,-0.0897335244574022,0.269081555777373,-0.0724689872106809,0.262116608511526,0.00649748560022608,0.384556062500434,0.0138704430024871,0.248139679047845,0.0449085054700019,0.207150153684732,0.0293311631071526,0.197265143565076,0.0564592672104141,0.135926824398977,0.0715425001188747,0.168379160447877,0.0279523849907814,0.147088959316754,0.0416969548435829,0.143134945240971,0.00216351504763716
0.00340377495297222,0,0.0386240205743285,0.0370269259720195,0.012043441183839,-0.0145151519172828,0.0399691153749661,0.0191486971268532,0.0185566410966375,-0.000956419544010222,0.0373284522485558,0.035310847879662,0.0704131908456232,0.0953407723653744,0.0522750468542453,0.0763944981453899,0.0120040653687299,0.117658343161665,0.0138704430024871,0.263859853328316,-0.0185119820357616,0.142243514959519,-0.0368384372237756,0.0730885245895118,-0.0591786148683017,0.103471102366864,-0.0447351858730407,0.0768859004086153,-0.0630098230329682,0.10216903787909,-0.0892373331871863,0.0326125703556542,-0.0294122317992829,0.0446800969234149
0.0322484706169359,0,0.0448828820418492,-0.0750043599155209,0.101931727749736,-0.0316010900195437,0.173127963835956,-0.117317569264793,0.14987497730978,-0.11859504882472,0.175012743775158,-0.086674486875175,0.257028680352495,-0.0844860127378339,0.289555197025946,-0.0758214623438394,0.244802594048295,-0.0361918066661765,0.248139679047845,-0.0185119820357616,0.365629854493817,-0.00694810988433973,0.229452903934552,-0.00627204191526839,0.192887775462721,0.0504720284787575,0.12404489804594,0.0259157853243235,0.166319221517539,0.0226245773358679,0.175865575182833,0.0395192510086875,0.193175054658157,0.0011508366255581
-0.0244546916949375,0,0.034857742743108,-0.0078634599443298,0.043607072634586,-0.0322052941424655,0.0483291970075237,-0.0560385575002835,0.0625917775035863,-0.0105126973832399,0.0943360340483917,-0.010294770204483,0.0926941198583219,0.0492122027804409,0.0876415522650436,0.0448699478884218,0.0732040591163726,0.0901537430555897,0.0449085054700019,0.142243514959519,-0.00694810988433973,0.262921686118744,0.0500066536942187,0.118337519206226,-0.0240613701153013,0.101893970303992,-0.00899961508022176,0.112914435316266,-0.0268940999074487,0.0835837464970051,-0.022870272380909,0.0526294811528651,-0.0241440098603497,0.0299029786201919
0.00180313299749096,0,0.0736705844675071,-0.0378794286424234,0.155179691900145,-0.0595283798300481,0.108929283266062,-0.0843858179580667,0.105785840172073,-0.0922507099793537,0.187489508494553,-0.106817438987315,0.196748142691082,-0.0938284891902892,0.228176565151996,-0.05628473924383,0.211885063967753,-0.0598074491548032,0.207150153684732,-0.0368384372237756,0.229452903934552,0.0500066536942187,0.359065315570884,-0.0078811560969643,0.183391291418829,0.0163475037079244,0.175260842216896,0.0685798552167083,0.184653270911092,0.0512828279397523,0.183037166808435,0.0498041871718119,0.156351950064649,0.0144900283515148
-0.013137189483842,0,-0.00288175926722949,0.037947165077158,0.0271896541974421,-0.06881815092795,0.0292886163685556,0.00143155479326095,0.0434216079643638,0.0248377626820946,0.0516365301178328,0.044387154055542,0.055384039932981,0.048225107396811,0.0841641429450445,0.0391378971783527,0.0264110429005236,0.0475835913902596,0.0293311631071526,0.0730885245895118,-0.00627204191526839,0.118337519206226,-0.0078811560969643,0.273351227079827,-0.0241002266448696,0.0926022162466655,-0.0102919353158704,0.106931417591916,-0.0507255332223454,0.0956594255544715,-0.0385337800943424,0.0215756621259687,-0.0579517365560256,0.0220834572382206
0.00273868644055955,0,0.0861513730804915,-0.0265689337033022,0.0712360293069628,-0.0474245021447741,0.0794735716178122,-0.0534203013518471,0.103141229680988,-0.0704261754405041,0.117452409173044,-0.0663832408989225,0.12935785426166,-0.0598827817172505,0.169809225397241,-0.070243780394654,0.194248847490715,-0.0505468128700665,0.197265143565076,-0.0591786148683017,0.192887775462721,-0.0240613701153013,0.183391291418829,-0.0241002266448696,0.328651803916302,-0.0224620024816394,0.14815116064781,0.054727699635398,0.213250182287428,0.00467963534141283,0.167617858377117,0.0395726182061614,0.137433910451894,0.0300871247348254
0.0238226911863897,0,-0.0178087305250985,-0.0518995254035478,-0.00765452464402439,0.00837678686687422,0.0219237044873439,-0.0342202583137013,0.0288494491597151,-0.0111657328542028,0.0390240738308115,-0.018976053268586,0.063067643961333,0.0171297369833975,0.0770149162587468,0.0404383056308445,0.0411810175350837,0.102321892345658,0.0564592672104141,0.103471102366864,0.0504720284787575,0.101893970303992,0.0163475037079244,0.0926022162466655,-0.0224620024816394,0.252557411952499,-0.00346068771807639,0.11738137572602,-0.0333386094824345,0.0708980843009799,-0.0469529512423852,0.0855768882793677,-0.0226439033228575,0.0501612914094154
-0.0321078433042275,0,0.0196380352582878,-0.0107589161212227,0.0373706493209639,-0.0416847037320174,0.0234462076154449,-0.0678246000034161,0.045104579151321,-0.0623050661146591,0.08422060869278,-0.0580975562402663,0.0920063704587406,-0.079974124437243,0.112608333852005,-0.0739887621251259,0.13455986066512,-0.0514054625130026,0.135926824398977,-0.0447351858730407,0.12404489804594,-0.00899961508022176,0.175260842216896,-0.0102919353158704,0.14815116064781,-0.00346068771807639,0.262608272537951,0.0163050762597301,0.149055473896371,0.0424998316755941,0.10930061669266,0.0418380560764762,0.124594353024133,0.0202256856228887
-0.00149975780034545,0,0.0336335541852478,0.000747008634037479,0.052365907233177,-0.018352482844369,0.0298750188400177,0.0210745023876242,0.0411127921730899,0.0186586658397076,0.0617511969665771,0.0164769376258985,0.0507954927039973,0.0170402615324668,0.0599932534072918,0.053886604662139,0.0568783907573845,0.0770229974742604,0.0715425001188747,0.0768859004086153,0.0259157853243235,0.112914435316266,0.0685798552167083,0.106931417591916,0.054727699635398,0.11738137572602,0.0163050762597301,0.295992182179626,0.0124626977418418,0.105942139160609,-0.00346450449430455,0.137416622134534,-0.035102827437909,0.0934930658144094
0.0232060714004747,0,0.0969412617322158,-0.0100356960143449,0.0752788827160387,-0.00847131875295837,0.0832037228371804,-0.0409573647033642,0.0948790415341662,-0.0342794828266242,0.126100166975406,-0.0590408489186545,0.0982762140926741,-0.0613213365294909,0.131600034601141,-0.0422332834756807,0.141004959823015,-0.0339634925723622,0.168379160447877,-0.0630098230329682,0.166319221517539,-0.0268940999074487,0.184653270911092,-0.0507255332223454,0.213250182287428,-0.0333386094824345,0.149055473896371,0.0124626977418418,0.32574463432554,-0.00252558770835557,0.179337562286138,0.0160065832491337,0.171834148140223,0.0219720661509534
-0.0185823487411742,0,0.0149452058402972,0.0751230018137933,0.0141251033923345,-0.0364642965278577,-0.00319218903836618,0.0200161778555836,-0.00704087192683926,-0.0025192427711402,0.0220783079052076,0.0336435104461628,0.0300020009588579,0.0236463982519312,0.0303738510974922,0.0327589574948683,0.0241907364984493,0.0165280811304292,0.0279523849907814,0.10216903787909,0.0226245773358679,0.0835837464970051,0.0512828279397523,0.0956594255544715,0.00467963534141283,0.0708980843009799,0.0424998316755941,0.105942139160609,-0.00252558770835557,0.253209764756515,-0.0463727436173454,0.0755869887802547,-0.0470592811372706,0.0909916024783371
0.0291119572372645,0,0.0688177033265443,-0.0426797831007375,0.116829220859036,-0.0263870878158095,0.114740151681477,-0.0487704441707128,0.0895586642283588,-0.0425042828418455,0.0934051942031189,-0.0583043243401393,0.124550979382793,-0.0422283420321574,0.163404284369015,-0.0478603548455009,0.124389556687856,-0.0453441696076304,0.147088959316754,-0.0892373331871863,0.175865575182833,-0.022870272380909,0.183037166808435,-0.0385337800943424,0.167617858377117,-0.0469529512423852,0.10930061669266,-0.00346450449430455,0.179337562286138,-0.0463727436173454,0.321271323173193,-0.00841239110286164,0.203936632134668,-0.0097591707956638
-0.0153080903912099,0,-0.0016144467699654,-0.0270838348852112,0.00722597056392471,0.0726685515989657,-0.00128927579797217,0.0411753417657122,-0.0158795271220007,-0.00401303191716425,0.0082760560976106,0.00267559110573678,-0.0116864965028139,-0.0178947034896548,-0.00204890321214874,0.0227795856446626,0.00579424777580478,0.0636322682572192,0.0416969548435829,0.0326125703556542,0.0395192510086875,0.0526294811528651,0.0498041871718119,0.0215756621259687,0.0395726182061614,0.0855768882793677,0.0418380560764762,0.137416622134534,0.0160065832491337,0.0755869887802547,-0.00841239110286164,0.257267466628489,-0.00290982873746611,0.119775540328763
0.0260112310319474,0,0.06741692490315,-0.0349326215449599,0.102875379833137,0.00422682235967599,0.138089861561507,-0.0543848120654035,0.0899027315251511,-0.0513397850234281,0.0981367273227296,-0.0467028372551277,0.151679367026263,-0.0248953669355347,0.164103367904696,-0.0429523979959121,0.114448384491626,-0.0158280265543799,0.143134945240971,-0.0294122317992829,0.193175054658157,-0.0241440098603497,0.156351950064649,-0.0579517365560256,0.137433910451894,-0.0226439033228575,0.124594353024133,-0.035102827437909,0.171834148140223,-0.0470592811372706,0.203936632134668,-0.00290982873746611,0.268652330469936,-0.0310107576329622
0.00172588694881413,0,0.000366006120190033,0.00733311896896528,-0.023525209213361,0.03832601827965,-0.0163736202117744,0.0872748197492755,-0.0214971113741576,0.0219502597130565,-0.0385917979275097,0.0151726295485593,-0.0174985152521735,0.0213071260843125,-0.0339700650624194,0.0504740689432292,-0.0171328596247767,0.0117454996746157,0.00216351504763716,0.0446800969234149,0.0011508366255581,0.0299029786201919,0.0144900283515148,0.0220834572382206,0.0300871247348254,0.0501612914094154,0.0202256856228887,0.0934930658144094,0.0219720661509534,0.0909916024783371,-0.0097591707956638,0.119775540328763,-0.0310107576329622,0.213788021280558
